# nothing

[/home/urc/.config/i3/i3_guide.pdf]
page=0
offset=0
zoom=0.70738636363636365
rotate=0
pages-per-row=1
first-page-column=1:2
position-x=0.5
position-y=0.085102825614445751
time=1537617259
jumplist=
